points:
  - id: 1
    x: 4.9112950856964552
    y: 0.9376462985656393
  - id: 2
    x: 1.5894595148523265
    y: 2.3395765537048381
  - id: 3
    x: 1.7769887745654542
    y: 1.3573175365655468
  - id: 4
    x: 1.3081656252826348
    y: 3.8129650794137748