points:
  - id: 1
    x: 1.573341405564636
    y: -0.8744122720638684