points:
  - id: 1
    x: 4.999962733150717
    y: -0.019304587641599945
  - id: 2
    x: 2.0077069283169267
    y: 1.9922632582036468
  - id: 3
    x: 2.0038460107886067
    y: 0.99227071157350344
  - id: 4
    x: 2.0134983046094068
    y: 3.4922520781488617